x1,x2,y
-0.17849724321691385,0.15013805877377706,1.7133913842656603
-0.4440299989285039,-1.5880430822382912,2.152889090742674
0.5853841635753816,-0.47337680652179115,2.097563700368638
0.6381259329206066,1.538086055387899,2.474575401495887
-0.3517461694415087,-0.1179402053498615,1.6502970254713303
-1.8402197406244523,-0.9849532962690475,1.6693432079211303
-0.5819144881881648,0.5572067196679447,1.7787299523341122
0.7508621064463901,-1.708612824684102,2.5633045537242287
0.770141158973233,0.11352801150358083,2.008271187256721
-1.5326183702440224,0.7665316211557642,1.6490134766938818
1.7010663883532802,-1.8607498042517774,3.0166854487330372
-0.08963041272550498,-1.6014576366592044,2.2548078326709198
-1.970070207178995,-0.41475328714518866,1.4353586943412995
-1.7174514759548027,0.21618953885391923,1.3931492311743856
-1.4933325099051888,-0.22367651256536059,1.4380667546858388
1.041608054404192,-1.0834891974067076,2.492875719435046
1.178974760599786,0.13099671202816632,2.1809068495097397
0.9198048831840793,-0.9281804040666173,2.3921519336133437
0.3574310210039351,0.5612025568491563,2.0536663835423736
0.7853633895182242,-1.1395294238725686,2.409752277800467
-0.4078577887782573,1.4539379354513917,2.1243471397424267
0.9939265796832952,-0.9020332103460258,2.4128131672082764
0.41870114994243535,1.6342146346932753,2.424233306805252
-1.798424226735333,-0.5611292972443556,1.5234720941920123
0.4243736304905741,-1.5767586021810298,2.4102283962994973
-0.6807400388927558,0.2865269681362155,1.642315407673553
-1.4091534300638742,0.4626473375604303,1.55648194998974
1.893807499110142,0.8385844422303692,2.808290594390366
0.058791026714895445,-1.644635612727586,2.3110501551878544
-1.830493557078924,0.6382229093510636,1.5475470924240615
0.7497352347890045,0.4088649409483103,2.131378906393767
-1.7158414794528274,0.5359895420308134,1.5282324406456467
-0.2553661529978255,-0.04712835967252582,1.642689174761696
0.537785329176701,0.3766213504090552,2.040759136209998
-1.0331132747217482,-0.34056239668867194,1.5838866191764196
1.5609335594525726,-1.219937091769328,2.766606499558611
0.9514249393925294,0.4263817119313704,2.216731738972551
1.758666760240943,-0.12346932707973846,2.4479110338252994
-0.7842695110428495,-1.100048053067265,1.9217664587239307
1.873518424066388,0.9947892993893732,2.851148634577698
-1.7695113287178446,-1.766748496097284,1.914315030730675
-0.8460738493077566,-1.8989576772355732,2.1365390225516236
1.442597680933857,-1.9290606515909627,2.9099363501254034
-0.13504294141839646,0.7652956258255448,1.9774443398551722
-1.906654993166092,-1.1339767136394112,1.7067002083344769
0.9203134066438161,0.1733009696839778,2.094218972445633
-0.6842109845100466,-0.6937218127859808,1.805356662678252
-0.6756420902033602,-1.4724893549309162,2.061400911939179
-0.6136739143942891,-1.8166098033518505,2.1712133482317544
0.3458524776840872,0.011426196240912567,1.8081734815016175
0.6562294564800308,-1.7569354888044963,2.5411879236621537
0.8012194390375682,1.2189696041244775,2.440775608278341
1.6315272226325708,-0.18663150120634153,2.4137942487785136
-0.9770828092885808,0.17373018068655544,1.5223736801049839
-1.1006343829797625,-1.0972947296622095,1.8493159872009142
1.8562679001564688,-1.5572296446508398,3.0142016121392246
-1.1124829671402456,-0.23245410565239277,1.5193379540877157
-1.5208087422809684,0.20918361037527466,1.4262831183500149
-1.9815055808956377,-0.29554313678622535,1.3828345611691844
0.9870967325674491,1.4659429360488558,2.5876283584902433
-1.8463713110360467,-1.2635439914797542,1.7575112592291557
1.0415709716663275,0.9429693406168886,2.4462177533360228
0.43324329309185705,0.565291673837033,2.080869806780486
-1.9999700322021314,-0.910705504121617,1.6172120631975724
0.49432873775564934,0.0661399263587854,1.8855412999020693
1.61249374442651,-0.5170141897521865,2.5452163679111695
-0.8953812366149481,1.766505521227848,2.0905856424450313
0.11198052938032887,0.9635464226378629,2.120551481799017
-0.9479071411346691,-0.48039995865578566,1.6609063813097142
1.1367870584563122,-0.380975556099,2.273914337013872
-1.773198588655005,1.0475741946648753,1.7017986106740752
-0.08211540509888504,0.18906627384879338,1.7591414283215363
-0.7472213336552742,-1.7667334231736018,2.1253902991791516
-0.28418839056660383,0.8800066920804115,1.97606931823116
0.0940884995441511,-0.5597921991015005,1.96855477668745
-0.7271396465090327,-0.44340048445556546,1.6974020594831678
0.260338014021928,-0.11153147680684805,1.8286457972157166
-0.34382939666795354,1.802798995449343,2.237730103178527
-0.3882921735211444,0.5806141882934659,1.8380685151668361
-1.7053965119805796,-1.3246889256947258,1.800900304414263
0.3159589528852558,-0.6985013923599164,2.0921219858434923
0.5580768018678395,1.3222627609587594,2.382900406336753
-1.4130726596653327,-1.3424173171534095,1.8611693540927141
-0.9409918350220003,0.4427652327515528,1.6471799731292085
0.9897120966884518,0.19278640989851725,2.1308721334491496
-0.33690114698783,1.0724887305844355,2.0263573433889994
-0.20204008905377924,0.4297163619162703,1.8289628519238412
0.23714924535259563,-0.41671999208288524,1.9561479089897866
0.348252289759432,-1.0855451049536238,2.2368567399398307
1.2324883417974322,0.4076463447624876,2.3260173139951377
-0.5327844906345347,0.45466432986170924,1.750274131104996
1.6084064729810095,-0.9249552872931073,2.693434385697806
-1.2384605506258275,0.5818915973996992,1.6381949914168281
-1.803540453325367,-1.095470032502841,1.7120693860129812
-1.6890376767139959,0.5329610796102391,1.531862683281774
1.747943633903703,1.996270085143966,3.074777756686956
1.608582702888218,1.2753520093649682,2.8066661968171482
-1.0350867935548305,-1.707111159747107,2.0433141468291383
1.6515237942340777,-1.8430487226968375,2.9875143348223396
-1.8407726271170373,0.7002208249502266,1.5689971731140697
1.3960966992838642,-0.6963655247445191,2.512085160848157
-0.0703648668789083,1.343123663278611,2.186017383527009
-1.7021999955934182,-0.5843921956504596,1.5495897361887851
-1.1450118407240355,0.25044264476061473,1.5204078894923931
0.26030718902302885,1.9694958743875848,2.4598613988198856
1.673852859026776,-1.8148556752814584,2.9911823464785217
1.5186610556832139,-1.457238047209929,2.8175867341222736
-1.5485849754573882,1.044945776102626,1.7418849032556107
-0.8240948776995949,-0.24976523861293787,1.5917881243064018
-1.0415281365789415,1.0539382905763084,1.8480780353061255
-0.8119826838243078,-0.6214399102408716,1.7475289146145154
0.21034407310883552,0.246351394145496,1.8744440764281332
-1.9176023019502328,0.7941018681509102,1.590057664793703
-1.087900062181519,1.6446218158953094,2.0147907613194564
-0.41796012944739935,-0.7088977753180603,1.8786963531293819
-1.7794961804063578,1.2234880249813744,1.7568078799789972
1.2709939056032584,-0.46249290383692276,2.3653583309382284
0.4259194899163603,1.26019658266942,2.318085764447211
1.2428989306231726,-1.0061230755026678,2.5525463491251617
0.6218002910660867,1.2919199833328556,2.396543905381591
-0.13882893220369663,0.9980143955296295,2.057156911590628
0.17456183397838165,1.4487970345380496,2.291789520492957
0.6660067623133568,-1.7723329410335587,2.548854606716435
-0.6456216791191896,-0.5173294896321168,1.7471147717036208
-1.4223028525028103,1.9107508809624911,2.016394685490958
1.6929816133275462,-0.15541845426656975,2.429773469400508
1.4730707756571126,-0.8272046020152977,2.594981648197362
0.049312930013120315,1.7031507772500154,2.3240878687588733
1.2334290280620253,1.345464717874433,2.655381790472452
-0.11784902266612951,1.4323795162570492,2.1985167273603095
0.6372955254579882,-0.6777081627968182,2.1956491015712394
-1.5396805689137718,0.09696710600303104,1.3705747830312207
0.164505947656437,-1.7556703199540058,2.373856650012643
1.5506321673044265,-1.0796570874095246,2.717134398845503
0.9838594202029087,-0.7686271442333239,2.361689937298872
1.1455492105717209,-0.5317020433948083,2.3389976578273313
0.7279134678070855,-1.120798079005695,2.3821410700198706
-1.8598310507843556,-1.0475490428732788,1.6867193105154947
1.313522432443896,0.956668448069125,2.5670477857706073
-1.1098708453561748,1.119548779311366,1.8544863363008344
1.0830607331487525,-1.5541402407508036,2.652030653435059
-1.9873653827486542,-1.4114554160841677,1.7780347994379866
0.6934744904715697,1.4407774183147368,2.4669627485601238
-0.8555501163644172,1.3280542142567202,1.976015121678862
-0.4535053492325769,-0.8379978731366502,1.9158964201224284
-0.5273263263437666,1.3408575959723157,2.059908362897369
-1.8119956321544204,1.748316135721744,1.901961599873527
0.20557526241842794,1.627380564121153,2.352124817958557
-1.8805825272805876,1.7707295931468057,1.8960978836738795
0.41403465234949044,-0.758317772832291,2.1468750586433236
-0.7660334522011838,-0.6262296615181895,1.7602337787334759
1.732476600072617,-1.7530038487320976,3.0041519362017803
0.05304600095711365,-1.6630359541785045,2.314333398429512
-0.9264405261535855,-1.3641551159789702,1.970525051528985
-1.5491293642380035,-0.18521786309901067,1.4100147217727461
0.03163225053190155,-1.7416296920842775,2.3290561079592154
-0.2809457692215038,0.5055890348894851,1.837694272728934
1.2494238549488021,1.3862737558618892,2.6744700803019943
0.5648134718832063,1.9061274654893916,2.547192519415151
0.7301158600246986,-1.0445164160046856,2.358216621366447
1.1483672299380103,1.7235316712842388,2.7259710444878915
0.5775173021293356,1.8399715729886141,2.5346344950039015
-0.7144927292334153,-1.2389219864633505,1.982308177143945
-0.3924077657054261,0.36620485643612044,1.750230196622283
-1.78111011492487,0.36315610660656317,1.446058100575417
0.7477002615728869,0.8553885822657543,2.300666949488058
0.9562358935449846,-0.27881531588477904,2.155907742472846
-0.4522713003101728,0.3632756127191614,1.7331694012925098
1.655986050663551,-0.4721325434121546,2.548528073620826
0.4664435448895521,1.4644402530219192,2.392747882547059
-1.2316601709342319,1.9313375700168147,2.0600608474617434
0.3477089091269687,1.5051199452030986,2.364172192045234
1.9418304438591392,0.6481198396021846,2.7644469820774535
1.6400394115335342,1.1572909885850557,2.785317835412428
1.75839747964613,1.0757444114207932,2.818269852318464
-0.4961599078264056,0.411553037713007,1.7419710611318142
-1.388398950529795,-1.143194273717652,1.8045771009641332
0.9268497035101899,0.6770263155818772,2.3052653032288024
-0.5278360147258043,0.531821386005261,1.7824892593678343
0.5654964536377407,0.2143856773600561,1.979863825065273
-0.47155086280767966,-1.959869580497788,2.2442964238570586
1.3422533084645596,-0.8181875061792394,2.5319161056073387
0.37943663871909417,0.9849108430187843,2.2141326024473615
-1.9999692981949497,1.9172279074491834,1.9142009281450956
1.5489036507163245,1.8565570218011467,2.9412654760808334
1.4571982797233898,0.6478680939690253,2.5220578101704154
1.3104285858732991,1.3312948614432614,2.684969951764625
0.2930075774321206,-1.1875194444671688,2.2511244214613604
-1.4432393727953774,1.37185859021817,1.864042876579522
-0.5536400307464517,1.2461387462608249,2.024434513652169
-1.8206291603584468,-0.33114031670011546,1.4255104612154406
1.8884622620692189,-0.3726399550258419,2.626160331542188
1.1840657494937865,-1.3328321086325468,2.63031648164866
-1.0279558502801995,0.900240953217148,1.7994249615879925
-1.217443005616878,-1.5170557113337648,1.951659184085107
1.3402686269643627,-0.8918983184693916,2.556844945609353
1.7785104557115767,1.0068266229466558,2.805864828942945
-0.3523507258747913,-1.9180245761665988,2.2652774137020084
-1.008125420361182,0.9245554963841442,1.8121570841247134
1.5239313600452782,1.7665779251278781,2.905779130998347
-1.3640494417822073,1.5339222379048723,1.9265799010080922
-0.6475520256833147,-0.9860937107183618,1.9174052454205301
-1.441324933545891,-1.4325476382391171,1.8822541173261738
-1.4707267731654934,-0.1587135664317585,1.412764914875635
1.2574728361586556,-0.6972248909090646,2.450480373666854
1.4419956238922533,0.6415843765136051,2.5126364498957496
-0.8735361638691992,-1.3792463401693293,1.9871169093832155
-0.9048207922953084,0.9220395896924369,1.834558126171202
-0.5841166586104451,-0.9810774095108226,1.9315445555664568
1.834971339074,-0.02527808598693637,2.4398119682327573
-1.539028179831119,-0.36786006482000033,1.4921926682729578
1.7239414014063086,-0.2574635402573979,2.4915369289634786
0.7556177401066551,0.7189596011757189,2.254684370317656
-0.4413824442830432,1.131105770978825,2.01736384628237
1.4586142474800314,1.8997316785110971,2.9098685810240474
0.2767581303014959,0.1455417597208588,1.849963711801025
0.4940969849123338,-0.700747844097076,2.153307279904099
1.826550866721194,-1.3176293943961008,2.928980374245947
-0.19212388575180306,-0.5566770578782161,1.8827007891658154
1.6690849045201794,-1.8438668659368869,2.9963966609861776
1.4392194966138816,-0.6922222753090592,2.530341463562814
-1.9730018614248546,-0.23581046019323137,1.3578785382018757
1.52047901281769,1.9259863092478242,2.9455946984968113
-1.3734158419535052,1.4017684427386108,1.8866033086351963
1.5174569529541029,-1.4913261719688689,2.8268287718031084
-1.8407265737496061,0.0348934717531062,1.2861150393505167
1.2799568657117413,1.5717231095590694,2.741174586671492
0.7749235621112809,-1.2246803296557243,2.43255533577637
-0.6714123026670351,0.11410058695469738,1.566195430641749
0.7916969057025476,-0.2593081408542557,2.083145134503682
-0.10214514669252495,0.14628080387537068,1.7335576955961058
-0.6641510365952685,0.603841214106823,1.7763366182057427
0.5967268367266394,0.45702589135928884,2.0949939650324065
-0.8171132080044545,-1.188014159941988,1.9419978948416854
1.2816513198580592,-0.8739377098243302,2.524556048918062
-0.824735936592635,-1.7413580327796168,2.100260729416905
0.9900410422279586,1.1936250033407445,2.5069885064346655
1.9402025153078393,1.9934860440470432,3.1743873573503185
1.0106069336217698,0.9820440948915219,2.4467700110026067
-0.6712466684154323,-1.4614938647774438,2.0593068377888866
0.11843939436392548,1.765430397324237,2.362032786877587
-0.4458153507368694,-0.7637134471929006,1.8913886861667648
0.6625626793133677,-0.9150296513963956,2.2897798888233067
1.8743083138081418,-0.5675224388858493,2.697631912989508
-1.7967241311943916,0.7963971847318803,1.6116531048354124
0.04919888611703094,0.3191101042905955,1.8560526639372883
-1.1647093912150805,-1.8626369913248695,2.0564521004394565
-1.664823270133244,-1.2633254837459371,1.7896129379143448
-0.45421586124922797,-1.0427248817655448,1.9853650273103134
-1.5608598033486731,1.3981277334082982,1.8493166213314076
0.6295056044384464,-1.7668979568485947,2.534113630382572
0.2833252742431416,1.631779502083571,2.3784371835985274
-1.9922673133110704,-1.7437339199002646,1.8701697381688445
1.1669085711024683,1.5623295272957223,2.68958522841353
-1.4425007457132821,-1.3924769754912671,1.8702828328875654
0.2882414942829876,1.3758940650252813,2.306981524479829
-1.2769115349494902,0.3601731257185543,1.5404977895221406
-0.1642698975233885,0.1309231203760648,1.7084689093382563
-1.7412459583565414,0.480715211764005,1.5016578666590257
-0.3582691872965551,-1.2163673119227623,2.0663463637334356
-0.8118723500688825,-0.09712837650877804,1.524400077398477
-1.0634020163952704,-0.2377112928387053,1.532314171511586
0.5004022858708073,-1.2138888802779078,2.3294561611042623
0.2326779936958827,-1.2663306642681498,2.255964578684906
-0.46737858974208724,-0.9142586402338413,1.9387880420049588
-1.7186356993676548,1.5611011519612163,1.8672175587658442
-0.5061982224332842,1.6048280034469808,2.141383064699238
-0.4931359705933698,0.4797444173850791,1.7706376773446313
-1.5263758322465995,0.3339340889218967,1.4801579625182144
-0.275520787269274,-1.1688012827061796,2.0740209571505446
-0.802353676207475,-0.3678289437511286,1.6480460947565487
0.574612837909994,1.7075615373362414,2.4985082054496406
0.5937571707354619,-0.45698991727246696,2.0939142442487038
-0.7204015812295896,1.8416448280717201,2.1515388528004284
-0.2208337258567572,-1.0301052541712346,2.0444941068872944
-1.0755722910060594,-0.37914886830528616,1.5909543885640034
-0.36175191001906315,1.2795122582985528,2.0848506611502398
-1.5957451049277078,-1.9242908978673152,1.9867594256055858
-1.9436299587503405,-0.20959393527921755,1.3509802748782573
1.7300068228700467,0.6490594730619166,2.654554563397218
1.6097063859791092,0.47680276787758524,2.5277556549107345
-0.8394157482413513,-0.7164366864648462,1.7767019617028
1.365466589798356,1.3681324007286673,2.720633800592786
1.7944999457757547,0.7097508138330424,2.710034437672788
0.48670034218812086,-1.0240704629603643,2.2638116381550217
1.748973208815391,-0.5800983934733224,2.6377657393109937
-1.8632172311365887,-0.4345030661131428,1.461543130535824
-1.968122293953753,0.08186461249095434,1.28734920986133
0.16083168084385502,0.5669534154672058,1.9921522147882254
0.7494759061179588,1.8331385436693206,2.595809761983314
-1.3917017219482104,1.9601005903767454,2.034953991254067
0.16008888519060704,1.1975437580565598,2.211581571879265
-0.4651411849339877,-1.728733703938687,2.1858248699391085
0.2229496689741688,0.7587569236344658,2.083952598373818
1.6169859824794917,0.6147858212826391,2.58551279398138
-0.9327574510746492,-1.1881183883889141,1.9153452213389057
0.7533320014616751,1.6663826403193962,2.552780683796862
1.5245262203042635,-0.11983815232769057,2.3312339161754556
-1.6931425013985106,-0.6484893266856049,1.5757216317409442
1.2654570984877256,-1.0212149364849874,2.567413113160099
1.5331438564961677,-1.9170386912701969,2.949319876371736
0.38508912490458114,1.171616181454758,2.2767058203983286
-0.6683036617255267,0.19407945035960372,1.6040913480916323
1.1503061335211666,1.3236843624840704,2.613193518206444
-0.224344359907116,0.00731072926775056,1.6317074727744698
1.3415274565538104,-1.2721063801478363,2.680930397933551
1.0500825996767222,-0.26242091999686945,2.1867287097644947
0.3414194910733195,-0.08412298223134984,1.842203283175241
-0.9634460172217234,-1.334350694297199,1.9532648513971398
-1.780576775963787,-0.038048946070873946,1.2981467709920191
0.600241821066966,-1.911483389588366,2.56122090556262
-0.9319544585691752,0.81615225750887,1.7914679510188223
-1.2932135698037217,1.146601998562136,1.8247598583930484
-1.586026385601298,1.1741110385992974,1.7764104339809856
-0.5019840499170871,-1.2307730478485546,2.0329172648825944
-1.7877167901127815,-1.0836462791407748,1.7110123731660103
-1.6089991361895,-0.9883319099427355,1.7118304320796411
0.6199775979846933,1.8200091946286228,2.544666995545748
-1.7900967813760547,0.2351119918003004,1.388773486778803
1.3736484980218338,-1.4676245627981372,2.75344699253054
-0.38799115574200727,-0.7316634922161165,1.8950322276071416
0.5759240347880024,-0.5292199124707113,2.116512187828912
1.0461059443237533,1.4477468279892487,2.606380410144605
0.6686591101067192,1.6159231196388837,2.5074802303142762
0.27907631092406415,1.2712923889586314,2.2725126790945867
-0.8947504453706032,0.20185210795737074,1.5538815356566462
-1.2787865676518684,-0.3821126208460215,1.5493671741561208
1.7178618536326402,-0.639004373127503,2.644640417306447
-1.0212496203394137,-1.2966415104533908,1.9290148362210537
-0.2876564353647644,-0.25722932066757354,1.731459906722234
0.006204282151489604,-0.8478962767667224,2.0484435911231746
-1.382004278652075,0.9733679991238793,1.7502989384574164
0.12434737041306532,-0.5098358024097767,1.9582260802571811
1.3338985723851384,-1.4597855477709372,2.733284297100168
-1.8853423081029899,-0.18098551506964577,1.347794549384333
1.169234121719502,0.9169670049588432,2.4907053668159227
0.1771950010802672,-1.1311086563230428,2.1959839309407023
-1.4642721835770183,-1.645915510478413,1.9381067303652233
-1.5858375944337975,-1.3936011107189552,1.843309655282888
-0.6310693672184668,0.6858978778177844,1.8155360641680311
-1.2506751900313664,1.0010183485301583,1.7861017582071674
1.884406147622336,-1.163540422456577,2.9117059293608394
-0.6040658427701273,-0.1847325155602766,1.6157454118562806
1.1001345179547495,-0.5018229949052362,2.30804392675375
-1.7958510944295942,1.3890644751908727,1.8040279514880895
1.6131082930251415,0.9390849364301959,2.7005403942847876
0.5794324197110203,1.3064275439766453,2.3857212621310477
-0.009435981486381362,-1.5191878854565068,2.255403457107335
-0.3693615191402837,1.5122943577716494,2.1513796728420562
-1.2292239450778593,-1.3761191636081662,1.9083132778069007
-0.595245664382567,-1.6649784302838966,2.1352848578959587
-0.5433918664599551,0.5729344684019355,1.7946233338066475
-1.0084733925774292,1.8827220350320983,2.09547390218201
0.22238313245658636,-1.2717405572723166,2.2543128317752004
1.420090636692617,-0.2585130156366531,2.345869047468779
-1.2352210508933763,-1.4498596942204207,1.9286768298572734
0.8099373949286948,-0.9906804151103152,2.370545601711016
-0.7599304971919425,-0.867016015669694,1.8494126329679421
0.447575285587146,1.4616217377011504,2.3854417242098815
0.03348737874594798,-0.18391563165466573,1.7912162731833925
-0.45505488762461876,1.9754309705778637,2.252525117585361
-0.9870047019374741,1.5280165917619688,2.004447844943395
-1.951204871571817,-1.1605771003267846,1.7076591635079423
0.810105781648156,-1.5201988224878353,2.5336265600951493
1.2782969636231636,-1.293546014113271,2.6593603419272496
0.5116156151378468,0.8678286665429709,2.219445112100485
-1.6657719050848887,1.3300615851202817,1.8096842895175214
-0.1890809685807131,1.8768481975818712,2.29987704207401
1.9452553410793807,-0.031511342948810306,2.5012178371245763
-0.8969207277693187,0.6623083767281215,1.7432785734081948
1.2080050305835717,0.7061440083749684,2.43230045129831
0.576525978178462,0.5405507583889868,2.1211968197475897
1.3750163556530346,1.635666304261493,2.801389350927624
-0.5793770065527024,-1.7690214197319714,2.1672693595769017
-1.9470175199505326,-0.06761581436981778,1.2840007149856045
-0.09474809826409203,-0.6085997369996936,1.9307893222178782
0.8223153520607811,1.963788715915674,2.656988527281745
0.6267315995020648,-0.7338933197520059,2.2125837422140258
-1.7878208956609343,-0.8305632175360538,1.6253570610703596
-1.9148378056596327,1.1622378318078828,1.7142936377992943
-0.2623639765642274,-1.339342486583027,2.1300826081329136
-1.2700196818072276,-1.0253353966293348,1.7901958160349052
-1.5790668167840916,-0.426280636789532,1.5090410336009006
0.653876489111592,1.8270862106747692,2.5588288837207935
-0.7053749773560236,-1.484828416556537,2.0576970457810093
-0.7403730296392328,-0.13552384199899947,1.5595377156343349
-1.9381330640648957,-1.2329564751413251,1.7324897742740197
1.4038836510189214,-0.1097016326895397,2.270282350456287
-0.5905358313871512,1.2829460848871403,2.0263863386065584
0.16527090466838867,-0.6508610561689627,2.0257155053283142
1.935141737051918,-1.773326768315958,3.1149647014612043
0.6691032565984418,-1.7111508074195845,2.533637921052657
1.6243193633261277,0.8158949203686476,2.6631882104122315
-1.7803281141516498,1.5096238948920946,1.8417064268983243
-0.46252862215835355,-0.8502341992981255,1.917839304581737
-1.3454464368106995,-0.9606120188260743,1.753284579876364
-1.1707691476170146,-0.09992976669433062,1.445725232106553
0.2775636905352519,1.4464528823677694,2.324179796172083
-1.941117562006169,1.9866146290831423,1.9415347858629985
-1.5479583943815083,-1.936226774864933,1.9987425373748613
-1.6899746989896904,0.3788599793375562,1.4689257147864117
1.0541211248211013,0.8626187339662867,2.4236913086627876
-1.8060251897396498,1.432236533217146,1.8149079523451739
0.5576443633207311,0.9300074029375982,2.2571058849299144
-1.0945299429800204,-0.6651184594225783,1.7003529748093937
-1.3632974483317213,-1.255711282455024,1.8447321557801946
-0.14747860271523372,1.554256427274224,2.2248667691022757
1.09435882637456,-1.1814238490276563,2.545944959277845
-1.9358339359436574,0.9794511804391188,1.6512176149970954
-1.5486355226789614,0.5760899361267486,1.5746650013799663
1.8918016809633413,-1.5941287852358448,3.043224971170525
1.6079632005916924,0.9333779798963748,2.6960944079518274
-0.9577422083832308,0.42317542265804464,1.6353484440642556
-1.05404531046436,-1.2863318999805742,1.9186757634697038
0.37993415349594617,0.17286718722799055,1.8967775656815644
0.6772719186520373,1.8889253930660073,2.583427802604742
0.34560244131918383,1.4612886749715681,2.3508872211240464
-0.8515826734187568,0.47059819591960617,1.6790089592729207
0.42353641271511133,-1.3710763132805512,2.350718267993302
-0.13118897709516286,-0.4460685232938837,1.8558897717537466
0.6160134608839161,-1.8839155786255897,2.5598264929705223
-0.9030401360488645,-1.636460096832601,2.053694286073997
0.34940691893867815,0.03107451221086288,1.8190779748830264
0.6070299733956603,1.896306607265918,2.559774030025596
0.3971656993796815,-1.3927553786724776,2.348180946863903
0.42872009006008227,1.8379061564134291,2.4821803118711205
0.07047852779632224,1.1313808570642174,2.162842742759933
0.3952941248406976,-0.6596097290933542,2.1040856104588768
-0.3270930080557952,-0.576679846486964,1.853034637568248
-0.27033180898044495,1.5143893653471632,2.17896768602161
-1.0999382007613412,1.2917082836745504,1.9103437274183874
0.1064129622133021,1.5925320671561405,2.3112961870798943
1.5620009839550035,-0.059259834635358555,2.3201028549076064
0.42015756975621654,1.0903062490359865,2.2626059838390837
-0.6568987590935209,1.1993636469761002,1.984085387375777
-0.2718914856407042,-0.9098633118881319,1.989776653270419
0.7930567260636217,-0.5786364294611297,2.2158646604447316
1.5861761415490183,-1.188379497754147,2.76889895852001
-1.5705107170815755,-0.8398786162079994,1.6680432321394578
1.7444500367708407,-0.6561317422831334,2.6645174270272847
1.8316953393764859,-0.9222888915411236,2.8047686858920406
0.5166496514742027,1.190595242480211,2.327859496521762
-0.017020144019470607,1.2043706387102393,2.1594226729868407
-0.5238204125695924,0.3820689066104128,1.7225485739252215
1.2221652340025089,0.5760542499972927,2.389151065889482
-1.904665015588534,1.4037383033560809,1.7896088653689086
-0.8657046851411736,-0.3942192240546203,1.6443313143605955
-0.9795211065476757,-0.509505226185865,1.6654691842163722
-0.35579289638117384,-0.706723310293111,1.8945000281082758
-1.9002266841034285,-0.7476860083660912,1.5762460872756612
1.00438848249828,-0.5217001087241404,2.2765704478349624
-0.4279866599053239,-0.20329562968161996,1.6694592809223692
-0.13061835871348482,-0.04085380412587858,1.6749405653454015
-1.4949367124572572,0.19315164216175384,1.4239370513214844
0.5450287879373223,1.7586491089703995,2.5016951389693816
1.5684981127129585,-1.5052493603138122,2.8551351878001405
-0.9997101834396545,-1.7584937800118707,2.0649009206203646
-0.1574284478534791,-0.641310432484465,1.9251445507003742
1.7855574808155321,-1.5916728436268843,2.9872059745659554
-1.3979935085124153,0.6643993050533585,1.6374210772621631
-0.9693145292030474,1.667714262302102,2.047238065099406
-0.4163680803679082,0.5622839021919903,1.8234749666273151
1.8447089713902711,0.6206784158828431,2.702611401804564
-0.10522260182543697,-1.8396837357427778,2.3143162515920794
0.25539257084812794,-1.4481678979164179,2.317472378058482
-0.9067758728698521,0.08921619027529593,1.4986182687953082
-1.522189333983131,0.6861822644884112,1.6215186377437698
-0.5735808850630213,-0.7258112046441636,1.8446827190625896
-0.4338413679217399,-0.06013940354552627,1.600735262399796
-1.7736992015060058,-0.25075876984658674,1.3986318536475353
-0.5663516482266475,-0.823263031859601,1.8816378708747408
1.2732394471839341,-1.6353614626539041,2.7558793623395434
-0.9636492304939996,-0.47764434198600547,1.6562494721873764
-0.4330938963844382,1.4108869667629667,2.1051308727619533
-1.530176431539295,1.0485427477582818,1.746545487673374
0.7020187999169041,1.0761574714343913,2.358106694915951
1.1783411812067772,0.7022077745848208,2.4181154728395398
-0.9188290195899063,0.7314831842096687,1.7639242966988526
-0.9357793099800986,-1.088132799272039,1.8827959922519524
0.4998521555341253,-1.1582480791765692,2.3118001811779516
1.272883254913419,-1.5111051379723142,2.720945102431791
-1.1244936669123402,-0.700714438744003,1.7071767163820235
1.3328404361044637,1.3398654635335068,2.6975346448706716
1.252024666415736,1.1772561617469193,2.611893426858485
-1.063485014976429,-0.8394641683685782,1.77045783521839
1.037651864872395,-0.25978092513883855,2.1804605299772444
-0.35217191206214915,0.33074107617114734,1.7459243614039233
0.1129074785420836,0.9352270021367399,2.1112372337640073
-1.5349726614443635,1.1226955785924164,1.7696698538436981
0.9780882080599289,-1.098748084264276,2.472012746954719
-0.809322491397356,-0.7753104293892492,1.805193542570381
-1.0735096759923723,1.1075932936457158,1.8585084188249603
-1.172217894516041,-1.8508124229868153,2.051799646137246
-1.6025194309729618,-1.3164841855240401,1.817221115446482
0.5203678435808516,0.31904920016286153,2.0101124679321725
0.7443152813803913,0.013139833798820888,1.9498844152524955
-0.8998733564621824,0.4304847445500828,1.6514992188244304
1.8446035175045967,0.16336418382656337,2.5107876627063086
-1.3596054337217613,-0.6101735552484491,1.6244743123416154
-1.4763194627142777,-1.0836194282395262,1.7682781393084466
1.8730971965756167,-1.9691577657063886,3.1326070081494173
0.15477184970021174,-1.195166709310803,2.2091656432342175
1.4551186028302938,0.5840218053765094,2.4966843215863177
0.2901606524841469,-0.06934346237113731,1.8181806465964696
-0.2064364133508172,-0.22506851307105125,1.7397355199148818
0.2172319167170027,-1.4226627678688364,2.2977588384654375
-1.4383288530005442,-0.006561028638364164,1.345957261309103
-1.997429757387796,-1.6313662213359632,1.838843919982619
0.2997070824545607,-0.34700149542149905,1.9472166911081707
0.8046953650102378,1.5283248354663228,2.533864313192934
0.03623057147317299,-0.8696104820674484,2.0651047555076625
-0.16540500481091902,-0.1491873784115456,1.7166793387750179
